-1.039731252123036853e+02 -1.039850113174735924e+02 -9.999999103520011090e+01 -9.999999103051818850e+01
-1.039464443373234417e+02 -9.999997223415485337e+01 -9.999997048577101566e+01 -9.999997049887799960e+01
-1.038807921859184091e+02 -9.999994192317578268e+01 -9.999994036966401723e+01 -9.999994039788127509e+01
-1.033139942616834333e+02 -9.999988048277127461e+01 -9.999987976081997942e+01 -9.999987981832568096e+01
-1.037877801465736667e+02 -9.999962617257696706e+01 -9.999962501247912883e+01 -9.999962483034927629e+01
-9.999999106247391012e+01 -1.039972731750021779e+02 -9.999999106592322562e+01 -9.999999107052272507e+01
-9.999997059345638206e+01 -9.999997120570846221e+01 -9.999997058940073202e+01 -9.999997060362795764e+01
-9.999994056993423897e+01 -9.999994087105865503e+01 -9.999994059753458941e+01 -9.999994057293105243e+01
-9.999988013513990381e+01 -9.999988424505201579e+01 -9.999988013328841419e+01 -9.999988018595074379e+01
-9.999962606247221686e+01 -9.999963342338233474e+01 -9.999962618515677093e+01 -9.999962636801841143e+01
-9.999999109708689105e+01 -1.039990937160988267e+02 -9.999999110282308834e+01 -9.999999109865910896e+01
-9.999997067842724618e+01 -9.999997258641934650e+01 -9.999997067370260595e+01 -9.999997068689678770e+01
-9.999994071122868888e+01 -9.999994239228578863e+01 -9.999994073007803763e+01 -9.999994075847270381e+01
-9.999988059762993942e+01 -9.999988331875280778e+01 -9.999988059269033158e+01 -9.999988065176090402e+01
-9.999962750102919529e+01 -9.999964008316536024e+01 -9.999962744979883666e+01 -9.999962761821500123e+01
-9.999999112849326366e+01 -1.039993547141137498e+02 -9.999999113149571883e+01 -9.999999112725456030e+01
-9.999997076649825090e+01 -9.999997192670629431e+01 -9.999997076476257973e+01 -9.999997077826773761e+01
-9.999994090750726627e+01 -9.999994175663866258e+01 -9.999994090511545153e+01 -9.999994093317596366e+01
-9.999988104034065373e+01 -9.999988441581155030e+01 -9.999988103019175867e+01 -9.999988108863905723e+01
-9.999962871291208444e+01 -9.999964537706213719e+01 -9.999962871062207626e+01 -9.999962888979291620e+01
-9.999999115875972677e+01 -1.038614512257980778e+02 -1.039616805939337070e+02 -1.039343086195015786e+02
-9.999997086698385829e+01 -9.999997178352759875e+01 -1.039661674173448489e+02 -1.038443139372917159e+02
-9.999994110050543838e+01 -9.999994337621852480e+01 -1.038723825050289804e+02 -1.039273476944568699e+02
-9.999988151222702015e+01 -9.999988411247275621e+01 -1.038173816469299737e+02 -1.039571396788155795e+02
-9.999963012290857023e+01 -9.999964405998515815e+01 -1.038763293521622586e+02 -1.036391150769556191e+02
