3.407537550909696051e+02 3.407537430400768699e+02 3.492462261144079321e+02 3.492462311557372345e+02
2.823204453528543922e+02 3.507537688441794330e+02 2.944418244526079320e+02 2.599597821369706026e+02
2.251081306496226659e+02 3.482462311557372345e+02 2.466415625900971520e+02 2.681434037692561674e+02
2.208017917477451988e+02 3.497637688441794808e+02 2.138661719334549218e+02 1.833811985309977786e+02
1.285006311745853509e+02 3.472661311557372983e+02 5.308221842654749878e+01 1.466537276757021289e+02
3.507537688441794330e+02 3.422462300311028116e+02 3.467537669914090657e+02 3.467537588926844592e+02
2.790947761652802797e+02 3.492462311557372345e+02 2.402786098827774595e+02 2.467893231131348557e+02
2.222291024331323968e+02 3.447537688441794330e+02 2.022286413383867796e+02 1.537805909375312012e+02
2.521976842358845943e+02 2.432937795191263888e+02 2.091186235644307487e+02 3.385816719561372565e+02
1.221746239934914371e+02 3.301958552365754826e+02 1.545957242518894077e+02 1.770929853186315199e+02
3.492462311557372345e+02 3.369860568680772985e+02 3.392253964491535498e+02 3.409326037849285740e+02
1.980980191190065511e+02 3.467537688441794330e+02 2.214844408077513833e+02 2.298192908240522172e+02
1.483122070380138950e+02 1.957201061761225844e+02 2.409645642368545282e+02 3.413750351557372369e+02
2.420182544683830201e+02 2.493973393297899293e+02 3.379612848041794564e+02 2.984214144133068203e+02
1.391100881602302479e+02 3.385816719561372565e+02 1.785387092307332750e+02 1.768930694954420062e+02
3.467537688441794330e+02 3.340658537826837460e+02 3.373737160098385743e+02 3.348609782252116815e+02
3.272957970736956099e+02 3.452862311557372550e+02 3.177748699597993891e+02 3.112832828845163817e+02
2.975904674025750865e+02 3.458333688441794607e+02 3.176644447869924761e+02 3.120305196241372414e+02
2.989678509466421019e+02 3.413750351557372369e+02 2.971353560048023610e+02 2.994645723948794966e+02
1.866574799719212194e+02 3.379612848041794564e+02 1.314582827855423659e+02 1.174620287759078678e+02
3.452862311557372550e+02 2.972416227644641822e+02 2.839061349880453804e+02 2.799232188685327287e+02
2.759567313917977458e+02 3.448333688441794607e+02 2.840888776742790469e+02 2.728871949548777707e+02
2.751378448262170764e+02 3.433850351557372846e+02 2.655363148856360453e+02 2.711005110437041594e+02
2.438737814199229206e+02 3.359511848041794906e+02 2.230636646587718133e+02 1.953625431379432200e+02
1.022203883695296298e+02 3.345916729561373018e+02 1.415177932871736175e+02 1.694052473559774228e+02
